10                                                                                                                                      
3 4                                                                                                                                     
1 10                                                                                                                                    
1 2                                                                                                                                     
5 6                                                                                                                                     
4 7                                                                                                                                     
9 10                                                                                                                                    
1 3                                                                                                                                     
1 4                                                                                                                                     
1 5                                                                                                                                     
1 8
